57344
45057
57346
57347
45060
57349
49158
53255
45064
53257
53258
49163
53260
57357
45070
57359
57360
45073
53266
45075
53268
61461
53270
61463
45080
53273
45082
53275
61468
49181
49182
57375
61472
49185
49186
61475
45092
45093
61478
45095
61480
49193
53290
45099
49196
53293
49198
61487
61488
61489
49202
45107
49204
61493
53302
61495
61496
57401
53306
61499
49212
61501
45118
45119
53312
45121
49218
57411
45124
45125
49222
53319
49224
53321
57418
53323
49228
49229
49230
61519
49232
45137
45138
53331
53332
45141
49238
53335
53336
45145
45146
49243
45148
53341
53342
45151
45152
49249
53346
45155
49252
45157
53350
53351
57448
45161
49258
49259
53356
45165
49262
49263
45168
53361
57458
45171
61556
61557
53366
53367
53368
57465
45178
45179
61564
49277
49278
53375
61568
53377
45186
45187
49284
53381
57478
49287
45192
53385
57482
49291
57484
57485
45198
45199
61584
45201
49298
57491
61588
49301
61590
53399
61592
57497
53402
45211
57500
53405
49310
61599
49312
61601
61602
57507
45220
53413
57510
53415
49320
45225
57514
57515
57516
53421
61614
49327
57520
